 BEGIN header
  
 END header
  
                                      0                                     F   F   F   F            <-- c
                     -1.4346593569565719E+001   -1.4346593569565719E+001                             <-- E
                      3.6137327190685888E+001   -1.4861902294734597E+000   -8.9516326580895336E-003  <-- h
                      1.4843042827998745E+000    3.4966502015996596E+001   -8.7154168923599170E-003  <-- h
                     -9.5620141967348617E-003    4.4975481794918914E-004    4.6237308620924003E+000  <-- h
                     -9.4178806659000070E-012   -3.9877489818129714E-012   -1.6018785558391208E-008  <-- S
                     -3.9877489818129714E-012    4.0997936050778333E-013    2.9674255278550236E-009  <-- S
                     -1.6018785558391208E-008    2.9674255278550236E-009    1.7689026345951892E-005  <-- S
 Be              1    1.7335175848229973E+001    1.8218241087381308E+001    1.7428263757188693E+000  <-- R
 Be              1    0.0000000000000000E+000    0.0000000000000000E+000    0.0000000000000000E+000  <-- F
  
                                      1                                     F   T   T   F            <-- c
                     -1.4346629722773839E+001   -1.4346629722773839E+001                             <-- E
                      3.6137327194432487E+001   -1.4861902261139877E+000   -8.9370862820666724E-003  <-- h
                      1.4843042830706701E+000    3.4966502016338779E+001   -8.7139618564291543E-003  <-- h
                     -9.5605614563382783E-003    4.4948570166082467E-004    4.6221266429571681E+000  <-- h
                     -9.4118458438003093E-012   -3.9528384892978584E-012   -1.6004675887613478E-008  <-- S
                     -3.9528384892978584E-012    4.0933902442842299E-013    2.9637600277816716E-009  <-- S
                     -1.6004675887613478E-008    2.9637600277816716E-009    1.7670790857246724E-005  <-- S
 Be              1    1.7335176400440311E+001    1.8218240987152768E+001    1.7422260835535242E+000  <-- R
 Be              1    0.0000000000000000E+000    0.0000000000000000E+000    0.0000000000000000E+000  <-- F
  
                                      2                                     F   T   T   F            <-- c
                     -1.4346665512873898E+001   -1.4346665512873898E+001                             <-- E
                      3.6137327198171697E+001   -1.4861902227815997E+000   -8.9225531764262431E-003  <-- h
                      1.4843042833185049E+000    3.4966502016679669E+001   -8.7125087687243991E-003  <-- h
                     -9.5591096180228964E-003    4.4921691780314539E-004    4.6205240775985708E+000  <-- h
                     -9.4014555179561439E-012   -4.1786451772461607E-012   -1.5986025945790308E-008  <-- S
                     -4.1786451772461607E-012    4.0853068790055340E-013    2.9581430076621062E-009  <-- S
                     -1.5986025945790308E-008    2.9581430076621062E-009    1.7644415168487804E-005  <-- S
 Be              1    1.7335176952293121E+001    1.8218240887037076E+001    1.7416264107718284E+000  <-- R
 Be              1    0.0000000000000000E+000    0.0000000000000000E+000    0.0000000000000000E+000  <-- F
  
                                      3                                     F   T   T   F            <-- c
                     -1.4346701223765622E+001   -1.4346701223765622E+001                             <-- E
                      3.6137327201893463E+001   -1.4861902192921530E+000   -8.9080380436566912E-003  <-- h
                      1.4843042837225382E+000    3.4966502017026627E+001   -8.7110578788169094E-003  <-- h
                     -9.5576589925775602E-003    4.4894864331048985E-004    4.6189239042514441E+000  <-- h
                     -9.3908094507591140E-012   -4.2883820443302249E-012   -1.5965180927823670E-008  <-- S
                     -4.2883820443302249E-012    4.0769248036945152E-013    2.9521870045519085E-009  <-- S
                     -1.5965180927823670E-008    2.9521870045519085E-009    1.7617546410666341E-005  <-- S
 Be              1    1.7335177503762893E+001    1.8218240787189494E+001    1.7410276347565297E+000  <-- R
 Be              1    0.0000000000000000E+000    0.0000000000000000E+000    0.0000000000000000E+000  <-- F
  
                                      4                                     F   T   T   F            <-- c
                     -1.4346736756571428E+001   -1.4346736756571428E+001                             <-- E
                      3.6137327205601011E+001   -1.4861902157285749E+000   -8.8935425204705182E-003  <-- h
                      1.4843042842031435E+000    3.4966502017376200E+001   -8.7096094391707138E-003  <-- h
                     -9.5562095853622166E-003    4.4868090894711773E-004    4.6173261676325863E+000  <-- h
                     -9.3823150358815338E-012   -4.0512051672315899E-012   -1.5949000211127643E-008  <-- S
                     -4.0512051672315899E-012    4.0696511993616311E-013    2.9471992882625607E-009  <-- S
                     -1.5949000211127643E-008    2.9471992882625607E-009    1.7594697946078083E-005  <-- S
 Be              1    1.7335178054806033E+001    1.8218240687581876E+001    1.7404297715625210E+000  <-- R
 Be              1    0.0000000000000000E+000    0.0000000000000000E+000    0.0000000000000000E+000  <-- F
  
                                      5                                     F   T   T   F            <-- c
                     -1.4346772261449679E+001   -1.4346772261449679E+001                             <-- E
                      3.6137327209305738E+001   -1.4861902123356798E+000   -8.8790625774034290E-003  <-- h
                      1.4843042845224881E+000    3.4966502017718433E+001   -8.7081630408193285E-003  <-- h
                     -9.5547612646940464E-003    4.4841362696404702E-004    4.6157305031411111E+000  <-- h
                     -9.3722841029880745E-012   -4.2603042592093988E-012   -1.5929236876006932E-008  <-- S
                     -4.2603042592093988E-012    4.0616862076565329E-013    2.9415268441643062E-009  <-- S
                     -1.5929236876006932E-008    2.9415268441643062E-009    1.7569017911838673E-005  <-- S
 Be              1    1.7335178605349103E+001    1.8218240588063555E+001    1.7398326851310011E+000  <-- R
 Be              1    0.0000000000000000E+000    0.0000000000000000E+000    0.0000000000000000E+000  <-- F
  
                                      6                                     F   T   T   F            <-- c
                     -1.4346807754132712E+001   -1.4346807754132712E+001                             <-- E
                      3.6137327212993597E+001   -1.4861902087982812E+000   -8.8646012621719904E-003  <-- h
                      1.4843042849862067E+000    3.4966502018066201E+001   -8.7067189813267130E-003  <-- h
                     -9.5533140442263624E-003    4.4814685937569719E-004    4.6141371675724789E+000  <-- h
                     -9.3623833929504937E-012   -4.1970826043727102E-012   -1.5909291924950069E-008  <-- S
                     -4.1970826043727102E-012    4.0538349125324648E-013    2.9358946880870951E-009  <-- S
                     -1.5909291924950069E-008    2.9358946880870951E-009    1.7543575756332040E-005  <-- S
 Be              1    1.7335179155545688E+001    1.8218240488809229E+001    1.7392364711897175E+000  <-- R
 Be              1    0.0000000000000000E+000    0.0000000000000000E+000    0.0000000000000000E+000  <-- F
  
                                      7                                     F   T   T   F            <-- c
                     -1.4346842957154946E+001   -1.4346842957154946E+001                             <-- E
                      3.6137327216672652E+001   -1.4861902053091305E+000   -8.8501586576298051E-003  <-- h
                      1.4843042854078481E+000    3.4966502018411575E+001   -8.7052772849722220E-003  <-- h
                     -9.5518679361988306E-003    4.4788060257939057E-004    4.6125461393535252E+000  <-- h
                     -9.3535274549086216E-012   -4.0656702693054901E-012   -1.5893171943994367E-008  <-- S
                     -4.0656702693054901E-012    4.0463635446785971E-013    2.9305186662366765E-009  <-- S
                     -1.5893171943994367E-008    2.9305186662366765E-009    1.7520194383432888E-005  <-- S
 Be              1    1.7335179705294074E+001    1.8218240389725032E+001    1.7386411215149551E+000  <-- R
 Be              1    0.0000000000000000E+000    0.0000000000000000E+000    0.0000000000000000E+000  <-- F
  
                                      8                                     F   T   T   F            <-- c
                     -1.4346878242124626E+001   -1.4346878242124626E+001                             <-- E
                      3.6137327220345725E+001   -1.4861902019159567E+000   -8.8357316807253505E-003  <-- h
                      1.4843042857409077E+000    3.4966502018752635E+001   -8.7038377790063463E-003  <-- h
                     -9.5504229883636195E-003    4.4761483335899763E-004    4.6109572315913550E+000  <-- h
                     -9.3438861824493385E-012   -4.1397255996708876E-012   -1.5874853631266327E-008  <-- S
                     -4.1397255996708876E-012    4.0387016218558485E-013    2.9246905132531687E-009  <-- S
                     -1.5874853631266327E-008    2.9246905132531687E-009    1.7495199371058238E-005  <-- S
 Be              1    1.7335180254552320E+001    1.8218240290779296E+001    1.7380465668092460E+000  <-- R
 Be              1    0.0000000000000000E+000    0.0000000000000000E+000    0.0000000000000000E+000  <-- F
  
                                      9                                     F   T   T   F            <-- c
                     -1.4346913313504967E+001   -1.4346913313504967E+001                             <-- E
                      3.6137327224006306E+001   -1.4861901984740329E+000   -8.8213221747958995E-003  <-- h
                      1.4843042861259563E+000    3.4966502019095245E+001   -8.7024007366743664E-003  <-- h
                     -9.5489792032712045E-003    4.4734959267989289E-004    4.6093705906271936E+000  <-- h
                     -9.3342527474573495E-012   -4.1011906965005403E-012   -1.5857084045345162E-008  <-- S
                     -4.1011906965005403E-012    4.0307784149374296E-013    2.9196823547272532E-009  <-- S
                     -1.5857084045345162E-008    2.9196823547272532E-009    1.7470353656293870E-005  <-- S
 Be              1    1.7335180803392465E+001    1.8218240192056935E+001    1.7374528615206326E+000  <-- R
 Be              1    0.0000000000000000E+000    0.0000000000000000E+000    0.0000000000000000E+000  <-- F
  
                                     10                                     F   T   T   F            <-- c
                     -1.4346948380389295E+001   -1.4346948380389295E+001                             <-- E
                      3.6137327227657842E+001   -1.4861901950617360E+000   -8.8069297434373740E-003  <-- h
                      1.4843042864860978E+000    3.4966502019436334E+001   -8.7009656910647624E-003  <-- h
                     -9.5475366428109162E-003    4.4708480619765908E-004    4.6077862029211598E+000  <-- h
                     -9.3244865697124766E-012   -4.1856633628320961E-012   -1.5838410997284979E-008  <-- S
                     -4.1856633628320961E-012    4.0230509053319277E-013    2.9148124728151126E-009  <-- S
                     -1.5838410997284979E-008    2.9148124728151126E-009    1.7445239503390454E-005  <-- S
 Be              1    1.7335181351751071E+001    1.8218240093492263E+001    1.7368600009534736E+000  <-- R
 Be              1    0.0000000000000000E+000    0.0000000000000000E+000    0.0000000000000000E+000  <-- F
  
                                     11                                     F   T   T   F            <-- c
                     -1.4346983293221516E+001   -1.4346983293221516E+001                             <-- E
                      3.6137327231296524E+001   -1.4861901915920110E+000   -8.7925550823684372E-003  <-- h
                      1.4843042869053196E+000    3.4966502019779490E+001   -8.6995324868087039E-003  <-- h
                     -9.5460952549154265E-003    4.4682046134894235E-004    4.6062040928180599E+000  <-- h
                     -9.3139957470385828E-012   -4.1981541083300074E-012   -1.5816832665421382E-008  <-- S
                     -4.1981541083300074E-012    4.0150282020503379E-013    2.9086978011671901E-009  <-- S
                     -1.5816832665421382E-008    2.9086978011671901E-009    1.7418720401561421E-005  <-- S
 Be              1    1.7335181899691520E+001    1.8218239995122296E+001    1.7362679940960519E+000  <-- R
 Be              1    0.0000000000000000E+000    0.0000000000000000E+000    0.0000000000000000E+000  <-- F
  
                                     12                                     F   T   T   F            <-- c
                     -1.4347017986985026E+001   -1.4347017986985026E+001                             <-- E
                      3.6137327234923923E+001   -1.4861901881175399E+000   -8.7782004745359798E-003  <-- h
                      1.4843042873343197E+000    3.4966502020122391E+001   -8.6981018780014664E-003  <-- h
                     -9.5446550070174691E-003    4.4655667103750575E-004    4.6046243877331179E+000  <-- h
                     -9.3057133416002299E-012   -4.0034128178600361E-012   -1.5804000909711434E-008  <-- S
                     -4.0034128178600361E-012    4.0077913724256512E-013    2.9011694780538789E-009  <-- S
                     -1.5804000909711434E-008    2.9011694780538789E-009    1.7396503450271615E-005  <-- S
 Be              1    1.7335182447200218E+001    1.8218239896964434E+001    1.7356768877655209E+000  <-- R
 Be              1    0.0000000000000000E+000    0.0000000000000000E+000    0.0000000000000000E+000  <-- F
  
                                     13                                     F   T   T   F            <-- c
                     -1.4347052691140375E+001   -1.4347052691140375E+001                             <-- E
                      3.6137327238547961E+001   -1.4861901847862902E+000   -8.7638588970346230E-003  <-- h
                      1.4843042876319235E+000    3.4966502020458648E+001   -8.6966747720849408E-003  <-- h
                     -9.5432160620610561E-003    4.4629356350642344E-004    4.6030466975030508E+000  <-- h
                     -9.2964543792138169E-012   -4.1037348323575881E-012   -1.5786718550281046E-008  <-- S
                     -4.1037348323575881E-012    4.0005869014461871E-013    2.8966864946142675E-009  <-- S
                     -1.5786718550281046E-008    2.8966864946142675E-009    1.7372360900669768E-005  <-- S
 Be              1    1.7335182994142762E+001    1.8218239798996112E+001    1.7350865368774757E+000  <-- R
 Be              1    0.0000000000000000E+000    0.0000000000000000E+000    0.0000000000000000E+000  <-- F
  
                                     14                                     F   T   T   F            <-- c
                     -1.4347087216747294E+001   -1.4347087216747294E+001                             <-- E
                      3.6137327242159017E+001   -1.4861901813862444E+000   -8.7495339260504658E-003  <-- h
                      1.4843042879993198E+000    3.4966502020797471E+001   -8.6952495126315123E-003  <-- h
                     -9.5417782435245867E-003    4.4603086251807398E-004    4.6014711967610520E+000  <-- h
                     -9.2865327823509235E-012   -4.1859824296217171E-012   -1.5765626642074314E-008  <-- S
                     -4.1859824296217171E-012    3.9923725028808075E-013    2.8899430133610185E-009  <-- S
                     -1.5765626642074314E-008    2.8899430133610185E-009    1.7346981463672127E-005  <-- S
 Be              1    1.7335183540690359E+001    1.8218239701214664E+001    1.7344970068479204E+000  <-- R
 Be              1    0.0000000000000000E+000    0.0000000000000000E+000    0.0000000000000000E+000  <-- F
  
                                     15                                     F   T   T   F            <-- c
                     -1.4347121713390784E+001   -1.4347121713390784E+001                             <-- E
                      3.6137327245756950E+001   -1.4861901779334989E+000   -8.7352284321867320E-003  <-- h
                      1.4843042884238804E+000    3.4966502021137899E+001   -8.6938273062073784E-003  <-- h
                     -9.5403414315051588E-003    4.4576877308094586E-004    4.5998979976810253E+000  <-- h
                     -9.2760856835592407E-012   -4.1646222427230871E-012   -1.5744703945891437E-008  <-- S
                     -4.1646222427230871E-012    3.9845532095666279E-013    2.8836410315934150E-009  <-- S
                     -1.5744703945891437E-008    2.8836410315934150E-009    1.7320661592143791E-005  <-- S
 Be              1    1.7335184086881540E+001    1.8218239603689884E+001    1.7339083382065978E+000  <-- R
 Be              1    0.0000000000000000E+000    0.0000000000000000E+000    0.0000000000000000E+000  <-- F
  
                                     16                                     F   T   T   F            <-- c
                     -1.4347156133337199E+001   -1.4347156133337199E+001                             <-- E
                      3.6137327249344828E+001   -1.4861901745001689E+000   -8.7209424771697748E-003  <-- h
                      1.4843042888352607E+000    3.4966502021477019E+001   -8.6924079632312336E-003  <-- h
                     -9.5389058386180017E-003    4.4550725517463499E-004    4.5983271855508638E+000  <-- h
                     -9.2676623574266911E-012   -3.7083704520827840E-012   -1.5724524845066991E-008  <-- S
                     -3.7083704520827840E-012    3.9776564992233155E-013    2.8722007638589061E-009  <-- S
                     -1.5724524845066991E-008    2.8722007638589061E-009    1.7298077872274190E-005  <-- S
 Be              1    1.7335184632599148E+001    1.8218239506372022E+001    1.7333205633377993E+000  <-- R
 Be              1    0.0000000000000000E+000    0.0000000000000000E+000    0.0000000000000000E+000  <-- F
  
                                     17                                     F   T   T   F            <-- c
                     -1.4347190470822396E+001   -1.4347190470822396E+001                             <-- E
                      3.6137327252935556E+001   -1.4861901714014476E+000   -8.7066746950138982E-003  <-- h
                      1.4843042889358182E+000    3.4966502021800984E+001   -8.6909948599015012E-003  <-- h
                     -9.5374708875793478E-003    4.4524677487316997E-004    4.5967584215391399E+000  <-- h
                     -9.2572784130655470E-012   -4.1676477843640467E-012   -1.5701658540874338E-008  <-- S
                     -4.1676477843640467E-012    3.9696200099347456E-013    2.8657481710173861E-009  <-- S
                     -1.5701658540874338E-008    2.8657481710173861E-009    1.7271811556275139E-005  <-- S
 Be              1    1.7335185177906915E+001    1.8218239409285935E+001    1.7327335526805410E+000  <-- R
 Be              1    0.0000000000000000E+000    0.0000000000000000E+000    0.0000000000000000E+000  <-- F
  
                                     18                                     F   T   T   F            <-- c
                     -1.4347224602082385E+001   -1.4347224602082385E+001                             <-- E
                      3.6137327256502033E+001   -1.4861901679843115E+000   -8.6924277903971670E-003  <-- h
                      1.4843042893507004E+000    3.4966502022137497E+001   -8.6895850882876199E-003  <-- h
                     -9.5360369799091637E-003    4.4498687967181453E-004    4.5951920396206978E+000  <-- h
                     -9.2480667262299900E-012   -4.0996045923679287E-012   -1.5686575312731989E-008  <-- S
                     -4.0996045923679287E-012    3.9621965811377348E-013    2.8597699317404085E-009  <-- S
                     -1.5686575312731989E-008    2.8597699317404085E-009    1.7247880891076482E-005  <-- S
 Be              1    1.7335185722978203E+001    1.8218239312573996E+001    1.7321474330902873E+000  <-- R
 Be              1    0.0000000000000000E+000    0.0000000000000000E+000    0.0000000000000000E+000  <-- F
  
                                     19                                     F   T   T   F            <-- c
                     -1.4347258645274174E+001   -1.4347258645274174E+001                             <-- E
                      3.6137327260061063E+001   -1.4861901646185713E+000   -8.6781958632957869E-003  <-- h
                      1.4843042897209673E+000    3.4966502022471417E+001   -8.6881779210571247E-003  <-- h
                     -9.5346044677571927E-003    4.4472752664960567E-004    4.5936278279741378E+000  <-- h
                     -9.2392138182583855E-012   -3.9742028709180598E-012   -1.5667466648710728E-008  <-- S
                     -3.9742028709180598E-012    3.9549735933596239E-013    2.8526834342429161E-009  <-- S
                     -1.5667466648710728E-008    2.8526834342429161E-009    1.7224541961411587E-005  <-- S
 Be              1    1.7335186267493295E+001    1.8218239216042530E+001    1.7315621274145603E+000  <-- R
 Be              1    0.0000000000000000E+000    0.0000000000000000E+000    0.0000000000000000E+000  <-- F
  
                                     20                                     F   T   T   F            <-- c
                     -1.4347292663286010E+001   -1.4347292663286010E+001                             <-- E
                      3.6137327263613543E+001   -1.4861901613474315E+000   -8.6639816085877421E-003  <-- h
                      1.4843042900065768E+000    3.4966502022800768E+001   -8.6867742000426799E-003  <-- h
                     -9.5331728184803108E-003    4.4446881632579304E-004    4.5920657329357653E+000  <-- h
                     -9.2289959548186345E-012   -4.1443407669353587E-012   -1.5645498886262433E-008  <-- S
                     -4.1443407669353587E-012    3.9473115224487012E-013    2.8456904633099023E-009  <-- S
                     -1.5645498886262433E-008    2.8456904633099023E-009    1.7198713066414760E-005  <-- S
 Be              1    1.7335186811632752E+001    1.8218239119708784E+001    1.7309776136354831E+000  <-- R
 Be              1    0.0000000000000000E+000    0.0000000000000000E+000    0.0000000000000000E+000  <-- F
  
                                     21                                     F   T   T   F            <-- c
                     -1.4347326572306015E+001   -1.4347326572306015E+001                             <-- E
                      3.6137327267150319E+001   -1.4861901579622987E+000   -8.6497875086509607E-003  <-- h
                      1.4843042904092147E+000    3.4966502023134176E+001   -8.6853738867201328E-003  <-- h
                     -9.5317422258256092E-003    4.4421074016311250E-004    4.5905059803208434E+000  <-- h
                     -9.2196196246057911E-012   -4.1533932071994478E-012   -1.5625999380460800E-008  <-- S
                     -4.1533932071994478E-012    3.9396796787322457E-013    2.8409807620097183E-009  <-- S
                     -1.5625999380460800E-008    2.8409807620097183E-009    1.7174336984205150E-005  <-- S
 Be              1    1.7335187355427983E+001    1.8218239023669636E+001    1.7303939761847529E+000  <-- R
 Be              1    0.0000000000000000E+000    0.0000000000000000E+000    0.0000000000000000E+000  <-- F
  
                                     22                                     F   T   T   F            <-- c
                     -1.4347360416396404E+001   -1.4347360416396404E+001                             <-- E
                      3.6137327270676693E+001   -1.4861901545733469E+000   -8.6356116125154182E-003  <-- h
                      1.4843042908191366E+000    3.4966502023467470E+001   -8.6839754896207415E-003  <-- h
                     -9.5303126866931927E-003    4.4395309112140146E-004    4.5889484383734747E+000  <-- h
                     -9.2094876937948477E-012   -4.2173310215220084E-012   -1.5603384716428392E-008  <-- S
                     -4.2173310215220084E-012    3.9319409281403419E-013    2.8374750077753915E-009  <-- S
                     -1.5603384716428392E-008    2.8374750077753915E-009    1.7148691349853484E-005  <-- S
 Be              1    1.7335187898823282E+001    1.8218238927793983E+001    1.7298111668474250E+000  <-- R
 Be              1    0.0000000000000000E+000    0.0000000000000000E+000    0.0000000000000000E+000  <-- F
  
                                     23                                     F   T   T   F            <-- c
                     -1.4347394252174592E+001   -1.4347394252174592E+001                             <-- E
                      3.6137327274190369E+001   -1.4861901511403692E+000   -8.6214563887983976E-003  <-- h
                      1.4843042912735165E+000    3.4966502023802519E+001   -8.6825781563637291E-003  <-- h
                     -9.5288841169889338E-003    4.4369576000419735E-004    4.5873932222298235E+000  <-- h
                     -9.1999852800856598E-012   -4.0663951985323475E-012   -1.5582866795631413E-008  <-- S
                     -4.0663951985323475E-012    3.9244231745673266E-013    2.8302888564414901E-009  <-- S
                     -1.5582866795631413E-008    2.8302888564414901E-009    1.7124129470321688E-005  <-- S
 Be              1    1.7335188441869544E+001    1.8218238832059864E+001    1.7292292285721904E+000  <-- R
 Be              1    0.0000000000000000E+000    0.0000000000000000E+000    0.0000000000000000E+000  <-- F
  
                                     24                                     F   T   T   F            <-- c
                     -1.4347427883378014E+001   -1.4347427883378014E+001                             <-- E
                      3.6137327277698112E+001   -1.4861901478196464E+000   -8.6073200554558776E-003  <-- h
                      1.4843042916261999E+000    3.4966502024132268E+001   -8.6811842100092927E-003  <-- h
                     -9.5274565507946288E-003    4.4343908062768319E-004    4.5858402336038449E+000  <-- h
                     -9.1901447840145947E-012   -4.0654218420527812E-012   -1.5562580358797019E-008  <-- S
                     -4.0654218420527812E-012    3.9169242671814815E-013    2.8242643106750740E-009  <-- S
                     -1.5562580358797019E-008    2.8242643106750740E-009    1.7098999366460731E-005  <-- S
 Be              1    1.7335188984477963E+001    1.8218238736518419E+001    1.7286481236847520E+000  <-- R
 Be              1    0.0000000000000000E+000    0.0000000000000000E+000    0.0000000000000000E+000  <-- F
  
                                     25                                     F   T   T   F            <-- c
                     -1.4347461440413305E+001   -1.4347461440413305E+001                             <-- E
                      3.6137327281195560E+001   -1.4861901445038825E+000   -8.5932025811547626E-003  <-- h
                      1.4843042919794689E+000    3.4966502024461334E+001   -8.6797930274897170E-003  <-- h
                     -9.5260301038989342E-003    4.4318294761753053E-004    4.5842895240277182E+000  <-- h
                     -9.1796438392865042E-012   -4.1077850738069933E-012   -1.5539151522670984E-008  <-- S
                     -4.1077850738069933E-012    3.9089536839266048E-013    2.8168958373508149E-009  <-- S
                     -1.5539151522670984E-008    2.8168958373508149E-009    1.7072618150903330E-005  <-- S
 Be              1    1.7335189526657956E+001    1.8218238641181316E+001    1.7280678720584088E+000  <-- R
 Be              1    0.0000000000000000E+000    0.0000000000000000E+000    0.0000000000000000E+000  <-- F
  
                                     26                                     F   T   T   F            <-- c
                     -1.4347494896299954E+001   -1.4347494896299954E+001                             <-- E
                      3.6137327284680872E+001   -1.4861901411647322E+000   -8.5791063760855858E-003  <-- h
                      1.4843042923626162E+000    3.4966502024790692E+001   -8.6784054675480733E-003  <-- h
                     -9.5246046927013606E-003    4.4292748284681095E-004    4.5827412069652276E+000  <-- h
                     -9.1690316542732448E-012   -4.1383019187568214E-012   -1.5514580905739827E-008  <-- S
                     -4.1383019187568214E-012    3.9012061502733157E-013    2.8108055111834343E-009  <-- S
                     -1.5514580905739827E-008    2.8108055111834343E-009    1.7046041040073432E-005  <-- S
 Be              1    1.7335190068456185E+001    1.8218238546108225E+001    1.7274885151102291E+000  <-- R
 Be              1    0.0000000000000000E+000    0.0000000000000000E+000    0.0000000000000000E+000  <-- F
  
                                     27                                     F   T   T   F            <-- c
                     -1.4347528180119378E+001   -1.4347528180119378E+001                             <-- E
                      3.6137327288154687E+001   -1.4861901378092726E+000   -8.5650322802218702E-003  <-- h
                      1.4843042927679155E+000    3.4966502025120235E+001   -8.6770214807210828E-003  <-- h
                     -9.5231805035369856E-003    4.4267257040241857E-004    4.5811953001823138E+000  <-- h
                     -9.1589695631793720E-012   -4.0078316310851845E-012   -1.5494843960240433E-008  <-- S
                     -4.0078316310851845E-012    3.8926651296390350E-013    2.8259630324707662E-009  <-- S
                     -1.5494843960240433E-008    2.8259630324707662E-009    1.7020507035392597E-005  <-- S
 Be              1    1.7335190609798175E+001    1.8218238451251935E+001    1.7269100592129383E+000  <-- R
 Be              1    0.0000000000000000E+000    0.0000000000000000E+000    0.0000000000000000E+000  <-- F
  
                                     28                                     F   T   T   F            <-- c
                     -1.4347618669651343E+001   -1.4347618669651343E+001                             <-- E
                      3.6137327291621659E+001   -1.4861901345180935E+000   -8.5509773687496102E-003  <-- h
                      1.4843042930855930E+000    3.4966502025450161E+001   -8.6756251806010178E-003  <-- h
                     -9.5217573330840018E-003    4.4241628334149610E-004    4.5796517090790827E+000  <-- h
                     -9.1141105399112716E-012   -3.9928831033596749E-012   -1.5417885352218616E-008  <-- S
                     -3.9928831033596749E-012    3.8702530970760404E-013    2.8119564030207411E-009  <-- S
                     -1.5417885352218616E-008    2.8119564030207411E-009    1.6930423560118120E-005  <-- S
 Be              1    1.7335191150703757E+001    1.8218238355845692E+001    1.7263324784531935E+000  <-- R
 Be              1    0.0000000000000000E+000    0.0000000000000000E+000    0.0000000000000000E+000  <-- F
  
                                     29                                     F   T   T   F            <-- c
                     -1.4347651531112207E+001   -1.4347651531112207E+001                             <-- E
                      3.6137327295065639E+001   -1.4861901312383736E+000   -8.5369933189995955E-003  <-- h
                      1.4843042934040278E+000    3.4966502025778858E+001   -8.6742345696581378E-003  <-- h
                     -9.5203409630730453E-003    4.4216126654270289E-004    4.5781162876515804E+000  <-- h
                     -9.1034432058547990E-012   -4.0678112072214775E-012   -1.5396173563572366E-008  <-- S
                     -4.0678112072214775E-012    3.8624247130640430E-013    2.8038694124368466E-009  <-- S
                     -1.5396173563572366E-008    2.8038694124368466E-009    1.6903907497446541E-005  <-- S
 Be              1    1.7335191689022974E+001    1.8218238260914752E+001    1.7257579571546326E+000  <-- R
 Be              1    0.0000000000000000E+000    0.0000000000000000E+000    0.0000000000000000E+000  <-- F
  
                                     30                                     F   T   T   F            <-- c
                     -1.4347684306859076E+001   -1.4347684306859076E+001                             <-- E
                      3.6137327298496928E+001   -1.4861901279129619E+000   -8.5230293330591320E-003  <-- h
                      1.4843042937748259E+000    3.4966502026108621E+001   -8.6728479839566497E-003  <-- h
                     -9.5189258385637698E-003    4.4190698313964261E-004    4.5765832709666769E+000  <-- h
                     -9.0926799867047006E-012   -4.0420811943337619E-012   -1.5374397910395098E-008  <-- S
                     -4.0420811943337619E-012    3.8544910328786312E-013    2.7978500394152031E-009  <-- S
                     -1.5374397910395098E-008    2.7978500394152031E-009    1.6877140126796086E-005  <-- S
 Be              1    1.7335192226892843E+001    1.8218238166283140E+001    1.7251843355009802E+000  <-- R
 Be              1    0.0000000000000000E+000    0.0000000000000000E+000    0.0000000000000000E+000  <-- F
  
