Analysis results - RMS force per atom

Frms (really_tight) - Frms (tight):
A1: -3.196204295549893e-06
A2: 0.004366858793568268
A3: -0.004046851128470405
A4: 0.0030483849501577523
A5: 0.00427803142779809
A6: 0.0015407662932199646
A7: 0.004451787392846046
A8: -0.003916733026664579
A9: 0.003002804369075962
A10: 0.004120770214650973
A11: 0.0014578209868726065
A12: 0.004364147742395463
A13: 0.0031240293086480173
A14: 0.0041571348323011514
A15: -0.0009432923748671079
A16: 0.0015173182995029955
A17: 0.0043697909576764365
A18: 0.003384597542496863
A19: 0.004138826708870655
A20: -0.0009620680447788715
A21: 4.633905808686806e-05

Max. RMS force difference between tight and really_tight basis sets: 0.004451787392846046
